8328.000000
1622.000000
1399.000000
9471.000000
6503.000000
8452.000000
3969.000000
532.000000
5422.000000
3061.000000
6652.000000
1290.000000
9133.000000
802.000000
5866.000000
9072.000000
6841.000000
4764.000000
9207.000000
9122.000000
4025.000000
8572.000000
4409.000000
2191.000000
568.000000
1299.000000
2479.000000
6828.000000
4891.000000
3305.000000
397.000000
7044.000000
2185.000000
3460.000000
8959.000000
9431.000000
4670.000000
4491.000000
3924.000000
7797.000000
9755.000000
4.000000
2606.000000
6673.000000
4538.000000
2290.000000
9451.000000
1854.000000
6335.000000
8915.000000
6249.000000
6525.000000
6970.000000
8901.000000
7588.000000
8839.000000
9408.000000
2164.000000
5486.000000
7313.000000
2512.000000
5509.000000
519.000000
9159.000000
8157.000000
571.000000
5104.000000
7638.000000
2771.000000
2917.000000
9934.000000
3596.000000
470.000000
170.000000
5855.000000
3769.000000
6896.000000
1005.000000
4186.000000
2707.000000
7670.000000
0.000000
5750.000000
5484.000000
8194.000000
9474.000000
1153.000000
6094.000000
321.000000
5632.000000
6048.000000
5447.000000
5437.000000
2342.000000
7789.000000
8174.000000
1540.000000
6975.000000
669.000000
7420.000000
6391.000000
5719.000000
8328.000000
867.000000
9364.000000
3156.000000
8531.000000
1053.000000
6657.000000
4507.000000
850.000000
1627.000000
7489.000000
9468.000000
9822.000000
2075.000000
7642.000000
5453.000000
7600.000000
5975.000000
7285.000000
8932.000000
2748.000000
8970.000000
1356.000000
4020.000000
5677.000000
396.000000
9149.000000
3721.000000
8986.000000
2545.000000
229.000000
4683.000000
7454.000000
7677.000000
1249.000000
5034.000000
2067.000000
4397.000000
4040.000000
5840.000000
7140.000000
5305.000000
8278.000000
901.000000
4416.000000
5184.000000
6100.000000
2348.000000
2661.000000
5185.000000
7653.000000
4088.000000
5205.000000
2041.000000
3857.000000
5400.000000
7092.000000
7485.000000
6790.000000
2359.000000
7267.000000
7988.000000
7006.000000
3498.000000
826.000000
4777.000000
7442.000000
8341.000000
3813.000000
52.000000
2012.000000
5578.000000
8765.000000
3340.000000
3127.000000
9545.000000
6216.000000
2034.000000
9843.000000
7573.000000
6233.000000
805.000000
75.000000
9641.000000
3994.000000
3071.000000
5414.000000
1764.000000
3007.000000
5766.000000
5634.000000
1138.000000
4986.000000
3239.000000
6004.000000
5484.000000
8890.000000
5938.000000
1299.000000
1907.000000
7063.000000
5543.000000
5786.000000
5011.000000
552.000000
3177.000000
7746.000000
9332.000000
4278.000000
7319.000000
9047.000000
7694.000000
3435.000000
8078.000000
4247.000000
2942.000000
1025.000000
255.000000
5916.000000
673.000000
4078.000000
3112.000000
5291.000000
3407.000000
3961.000000
8899.000000
7936.000000
5317.000000
8140.000000
8960.000000
8995.000000
2730.000000
4468.000000
5457.000000
7133.000000
5341.000000
6064.000000
3357.000000
5609.000000
6694.000000
2678.000000
8057.000000
2249.000000
8709.000000
7507.000000
8545.000000
2251.000000
4346.000000
4108.000000
395.000000
8703.000000
5916.000000
1547.000000
9771.000000
9186.000000
1758.000000
6210.000000
1060.000000
3394.000000
2697.000000
7856.000000
8252.000000
8920.000000
7900.000000
4192.000000
742.000000
9310.000000
3682.000000
9066.000000
2401.000000
5530.000000
6059.000000
8836.000000
3023.000000
34.000000
4400.000000
5350.000000
7524.000000
8737.000000
1955.000000
6117.000000
5733.000000
7886.000000
5523.000000
7400.000000
4307.000000
278.000000
9182.000000
371.000000
6510.000000
2589.000000
5873.000000
3984.000000
7640.000000
99.000000
54.000000
1955.000000
7230.000000
5201.000000
447.000000
5052.000000
3509.000000
9902.000000
9134.000000
519.000000
7299.000000
1635.000000
7239.000000
781.000000
5445.000000
9296.000000
9195.000000
8700.000000
4000.000000
1935.000000
3758.000000
8653.000000
2736.000000
3221.000000
3938.000000
1660.000000
9901.000000
2012.000000
586.000000
7076.000000
8970.000000
683.000000
1400.000000
9107.000000
9289.000000
8345.000000
4931.000000
1304.000000
8182.000000
9177.000000
9021.000000
3086.000000
3746.000000
8139.000000
9447.000000
2915.000000
9710.000000
6770.000000
7317.000000
977.000000
684.000000
5339.000000
1327.000000
1970.000000
341.000000
2263.000000
2108.000000
1312.000000
9508.000000
9429.000000
8189.000000
2227.000000
2763.000000
6626.000000
5502.000000
241.000000
5268.000000
7013.000000
2592.000000
1132.000000
7109.000000
6624.000000
3846.000000
9134.000000
6490.000000
7221.000000
544.000000
695.000000
1123.000000
2921.000000
7511.000000
6449.000000
9394.000000
2860.000000
9413.000000
7810.000000
2215.000000
5341.000000
1601.000000
5413.000000
3914.000000
9128.000000
4349.000000
9563.000000
4000.000000
5721.000000
2025.000000
534.000000
5201.000000
1641.000000
8944.000000
1459.000000
9382.000000
3764.000000
1903.000000
1128.000000
1124.000000
4798.000000
4910.000000
6767.000000
1400.000000
876.000000
2230.000000
2848.000000
2863.000000
6587.000000
3032.000000
8140.000000
2764.000000
2895.000000
2553.000000
1300.000000
1061.000000
8472.000000
3942.000000
393.000000
353.000000
3213.000000
3070.000000
8824.000000
5892.000000
9879.000000
8712.000000
9542.000000
2395.000000
4504.000000
3705.000000
1502.000000
8903.000000
3496.000000
3633.000000
5967.000000
4319.000000
9569.000000
6281.000000
398.000000
1401.000000
5676.000000
7997.000000
9801.000000
1150.000000
7787.000000
2276.000000
4530.000000
5537.000000
3546.000000
7418.000000
1348.000000
6605.000000
9211.000000
4016.000000
2961.000000
1640.000000
5729.000000
7481.000000
312.000000
4544.000000
411.000000
89.000000
751.000000
5360.000000
4556.000000
5073.000000
5180.000000
5053.000000
2451.000000
1933.000000
4407.000000
7533.000000
1400.000000
289.000000
5878.000000
728.000000
2493.000000
1514.000000
9847.000000
6477.000000
6587.000000
5626.000000
51.000000
9227.000000
6453.000000
7308.000000
1459.000000
1410.000000
696.000000
9387.000000
1561.000000
7990.000000
9051.000000
4153.000000
4866.000000
1248.000000
5113.000000
2637.000000
1959.000000
7162.000000
925.000000
9243.000000
4528.000000
9664.000000
7147.000000
601.000000
4048.000000
2589.000000
729.000000
8777.000000
683.000000
2567.000000
8672.000000
1668.000000
2248.000000
9651.000000
7397.000000
3578.000000
3071.000000
9996.000000
584.000000
168.000000
625.000000
8883.000000
3900.000000
2486.000000
3259.000000
8796.000000
5858.000000
6671.000000
91.000000
3229.000000
4417.000000
9029.000000
8578.000000
6634.000000
1705.000000
1484.000000
4476.000000
1448.000000
8987.000000
7242.000000
6433.000000
1640.000000
4260.000000
3398.000000
3599.000000
5612.000000
5276.000000
7443.000000
2254.000000
491.000000
2249.000000
4849.000000
1486.000000
3567.000000
9894.000000
9982.000000
1343.000000
5020.000000
145.000000
646.000000
5010.000000
1055.000000
9682.000000
5691.000000
1636.000000
7137.000000
5416.000000
7423.000000
1767.000000
9429.000000
6581.000000
1417.000000
8105.000000
4593.000000
7739.000000
7604.000000
7529.000000
3718.000000
6648.000000
6700.000000
7167.000000
7457.000000
7977.000000
7348.000000
9931.000000
4127.000000
5035.000000
3478.000000
3790.000000
4789.000000
2165.000000
2676.000000
8874.000000
5259.000000
2554.000000
2456.000000
1650.000000
3515.000000
5421.000000
7659.000000
9638.000000
9807.000000
9137.000000
8319.000000
8627.000000
7851.000000
4251.000000
8216.000000
274.000000
3299.000000
2562.000000
1238.000000
5057.000000
2542.000000
6476.000000
7716.000000
502.000000
278.000000
4084.000000
5923.000000
7107.000000
5658.000000
838.000000
1153.000000
3531.000000
9301.000000
6980.000000
7702.000000
542.000000
9699.000000
3939.000000
2083.000000
1491.000000
2078.000000
4206.000000
7282.000000
4303.000000
1153.000000
9086.000000
4381.000000
5244.000000
6978.000000
9229.000000
5015.000000
3779.000000
1531.000000
7518.000000
5967.000000
8898.000000
9743.000000
819.000000
6738.000000
3111.000000
9429.000000
5267.000000
7293.000000
4327.000000
2713.000000
7630.000000
9997.000000
8203.000000
7956.000000
5480.000000
8638.000000
5138.000000
6299.000000
4938.000000
9219.000000
2135.000000
5798.000000
6450.000000
4621.000000
5892.000000
7390.000000
5328.000000
6767.000000
5539.000000
2546.000000
5078.000000
942.000000
5401.000000
7094.000000
7648.000000
6785.000000
7163.000000
2844.000000
3734.000000
9147.000000
6349.000000
3027.000000
695.000000
5891.000000
2283.000000
9884.000000
395.000000
7191.000000
7048.000000
2166.000000
4010.000000
6319.000000
9642.000000
8081.000000
3010.000000
6195.000000
5786.000000
2949.000000
132.000000
3761.000000
3065.000000
1551.000000
499.000000
3512.000000
8729.000000
9350.000000
2183.000000
7264.000000
4515.000000
5350.000000
6525.000000
6655.000000
6592.000000
7856.000000
2775.000000
1964.000000
4288.000000
6435.000000
9860.000000
9293.000000
4524.000000
6954.000000
432.000000
7186.000000
4964.000000
3687.000000
4835.000000
378.000000
2999.000000
5995.000000
5344.000000
46.000000
4677.000000
2039.000000
701.000000
6088.000000
8654.000000
5491.000000
2978.000000
2494.000000
6943.000000
6653.000000
4688.000000
6091.000000
9327.000000
8494.000000
3350.000000
8472.000000
8143.000000
1649.000000
2798.000000
6941.000000
2699.000000
3055.000000
870.000000
4406.000000
6741.000000
5879.000000
3286.000000
6196.000000
5262.000000
2169.000000
6891.000000
1443.000000
7746.000000
2320.000000
65.000000
2661.000000
8200.000000
1109.000000
1676.000000
126.000000
8235.000000
9135.000000
6185.000000
7675.000000
1948.000000
6239.000000
8537.000000
1838.000000
7689.000000
3210.000000
6681.000000
6855.000000
2222.000000
2219.000000
6489.000000
2167.000000
6496.000000
780.000000
8577.000000
1763.000000
2568.000000
4604.000000
8793.000000
9398.000000
2969.000000
7795.000000
9474.000000
5839.000000
3083.000000
5157.000000
7694.000000
5241.000000
7693.000000
6930.000000
6758.000000
1355.000000
1890.000000
5994.000000
2618.000000
3576.000000
8617.000000
8670.000000
4317.000000
5063.000000
8087.000000
6549.000000
3243.000000
4424.000000
2436.000000
8587.000000
3142.000000
589.000000
6100.000000
1988.000000
3066.000000
6521.000000
3315.000000
912.000000
5140.000000
7147.000000
1158.000000
6420.000000
6909.000000
7333.000000
7358.000000
5660.000000
2198.000000
9617.000000
8005.000000
3920.000000
8055.000000
4668.000000
3921.000000
6011.000000
7914.000000
1714.000000
5823.000000
6841.000000
2017.000000
5244.000000
7058.000000
2708.000000
5534.000000
2147.000000
9512.000000
9414.000000
8783.000000
4494.000000
1467.000000
9172.000000
8747.000000
473.000000
3106.000000
2611.000000
8299.000000
6609.000000
8210.000000
4231.000000
6690.000000
5472.000000
2643.000000
6832.000000
3150.000000
1596.000000
7064.000000
9679.000000
3304.000000
7045.000000
260.000000
9596.000000
3504.000000
4117.000000
8615.000000
7765.000000
6209.000000
5750.000000
9422.000000
160.000000
8733.000000
148.000000
9457.000000
8533.000000
5830.000000
4587.000000
6349.000000
4023.000000
6641.000000
9208.000000
4317.000000
1901.000000
3372.000000
7054.000000
6017.000000
1083.000000
9717.000000
5442.000000
9226.000000
7668.000000
968.000000
3121.000000
3043.000000
2792.000000
7.000000
4051.000000
3138.000000
9691.000000
7231.000000
5075.000000
6604.000000
9576.000000
4551.000000
5042.000000
9326.000000
4399.000000
4700.000000
2986.000000
2220.000000
9918.000000
1530.000000
2285.000000
4127.000000
2825.000000
6793.000000
7826.000000
9227.000000
6640.000000
6822.000000
8090.000000
7335.000000
9221.000000
6470.000000
9274.000000
5513.000000
2589.000000
6002.000000
1423.000000
8191.000000
6016.000000
5883.000000
3385.000000
7323.000000
5880.000000
3838.000000
4928.000000
5857.000000
8901.000000
9584.000000
9913.000000
8017.000000
1483.000000
3137.000000
2524.000000
9176.000000
5032.000000
6133.000000
5692.000000
6383.000000
7728.000000
8951.000000
1737.000000
2408.000000
5214.000000
5406.000000
809.000000
2223.000000
9305.000000
5350.000000
655.000000
8539.000000
1485.000000
7039.000000
2870.000000
4275.000000
1762.000000
2102.000000
4402.000000
4653.000000
3970.000000
3788.000000
4597.000000
6857.000000
3189.000000
2788.000000
2866.000000
2010.000000
657.000000
8586.000000
4929.000000
58.000000
630.000000
370.000000
2507.000000
7780.000000
4837.000000
7271.000000
9855.000000
2625.000000
6209.000000
7870.000000
2597.000000
5592.000000
5052.000000
8899.000000
6043.000000
6461.000000
4278.000000
8091.000000
6998.000000
3245.000000
5335.000000
3858.000000
8869.000000
3635.000000
3833.000000
881.000000
4623.000000
7474.000000
8670.000000
8675.000000
4090.000000
8386.000000
6074.000000
7390.000000
9631.000000
6864.000000
4654.000000
1773.000000
1312.000000
242.000000
918.000000
4805.000000
9780.000000
5512.000000
5676.000000
9902.000000
1311.000000
639.000000
6666.000000
7690.000000
1366.000000
9285.000000
3570.000000
5555.000000
3792.000000
2225.000000
8342.000000
2875.000000
443.000000
5441.000000
601.000000
8104.000000
8476.000000
5737.000000
7711.000000
5687.000000
2854.000000
432.000000
7616.000000
7504.000000
5705.000000
7219.000000
2249.000000
5388.000000
2346.000000
460.000000
437.000000
495.000000
2401.000000
701.000000
8402.000000
2088.000000
6933.000000
4409.000000
6407.000000
7140.000000
5644.000000
7594.000000
1316.000000
2496.000000
3920.000000
5778.000000
8374.000000
1007.000000
2241.000000
4900.000000
4351.000000
8261.000000
7841.000000
8111.000000
7536.000000
5789.000000
3651.000000
4006.000000
7062.000000
3606.000000
433.000000
9109.000000
886.000000
6151.000000
4631.000000
6373.000000
5520.000000
5529.000000
7961.000000
3301.000000
4606.000000
9435.000000
4636.000000
7993.000000
5972.000000
8705.000000
931.000000
7358.000000
1072.000000
3983.000000
3385.000000
4474.000000
7142.000000
7354.000000
1278.000000
790.000000
6479.000000
1276.000000
6779.000000
6248.000000
7797.000000
3354.000000
4406.000000
1852.000000
7799.000000
775.000000
3077.000000
7487.000000
2265.000000
4069.000000
5309.000000
9211.000000
9114.000000
1332.000000
6015.000000
9937.000000
9233.000000
5878.000000
7153.000000
1365.000000
3549.000000
9279.000000
3193.000000
7182.000000
5225.000000
2419.000000
4568.000000
9062.000000
5846.000000
8080.000000
193.000000
5817.000000
3449.000000
1457.000000
6859.000000
2111.000000
8465.000000
5590.000000
261.000000
3553.000000
6144.000000
838.000000
7493.000000
8647.000000
5156.000000
2731.000000
9154.000000
2494.000000
1260.000000
6939.000000
691.000000
6647.000000
2540.000000
2831.000000
3149.000000
4270.000000
9300.000000
8929.000000
5464.000000
4987.000000
7719.000000
7278.000000
6234.000000
2729.000000
6119.000000
314.000000
3312.000000
5728.000000
1894.000000
3898.000000
8603.000000
8586.000000
1702.000000
7555.000000
2156.000000
1896.000000
8233.000000
2591.000000
8858.000000
6642.000000
1153.000000
8839.000000
5102.000000
3009.000000
225.000000
5228.000000
6031.000000
9990.000000
5256.000000
8216.000000
797.000000
6040.000000
5215.000000
118.000000
9609.000000
8583.000000
5045.000000
3501.000000
8329.000000
7651.000000
2820.000000
1227.000000
4464.000000
7300.000000
843.000000
8251.000000
883.000000
2122.000000
1042.000000
8547.000000
739.000000
8941.000000
4016.000000
2642.000000
2318.000000
7762.000000
5863.000000
7210.000000
1188.000000
7910.000000
1250.000000
1249.000000
3295.000000
718.000000
4926.000000
2804.000000
9626.000000
7183.000000
6953.000000
7478.000000
3453.000000
7333.000000
9917.000000
7376.000000
2026.000000
8638.000000
9895.000000
9560.000000
8897.000000
4789.000000
5007.000000
4214.000000
1937.000000
841.000000
8587.000000
8164.000000
4551.000000
1416.000000
8709.000000
405.000000
4526.000000
8490.000000
9183.000000
7403.000000
3340.000000
5483.000000
6187.000000
3037.000000
1117.000000
8370.000000
4713.000000
8655.000000
3758.000000
6262.000000
2610.000000
2340.000000
4278.000000
2612.000000
3800.000000
1499.000000
6635.000000
4867.000000
8255.000000
3760.000000
3158.000000
4490.000000
9484.000000
4951.000000
2618.000000
5814.000000
2628.000000
6986.000000
1650.000000
3558.000000
212.000000
6953.000000
2705.000000
9457.000000
5280.000000
1285.000000
7971.000000
1335.000000
5711.000000
5168.000000
7041.000000
6107.000000
6324.000000
6496.000000
1295.000000
6394.000000
6768.000000
7815.000000
7900.000000
3316.000000
7615.000000
490.000000
1420.000000
8715.000000
7586.000000
2392.000000
763.000000
358.000000
4557.000000
1915.000000
60.000000
9776.000000
9891.000000
4613.000000
9630.000000
3628.000000
1118.000000
6805.000000
2833.000000
3381.000000
5482.000000
7776.000000
6078.000000
794.000000
185.000000
1101.000000
6215.000000
104.000000
6755.000000
3248.000000
427.000000
6305.000000
1122.000000
6296.000000
4191.000000
2565.000000
1707.000000
6592.000000
537.000000
6735.000000
9718.000000
6636.000000
192.000000
3151.000000
5093.000000
530.000000
2178.000000
230.000000
5154.000000
1846.000000
7008.000000
4283.000000
1191.000000
2553.000000
9237.000000
3044.000000
6968.000000
8304.000000
4474.000000
4831.000000
1329.000000
9886.000000
3323.000000
6780.000000
6858.000000
4568.000000
3641.000000
1700.000000
6661.000000
8113.000000
6644.000000
5496.000000
7327.000000
319.000000
3892.000000
8989.000000
6243.000000
6798.000000
890.000000
3142.000000
40.000000
8524.000000
4289.000000
7297.000000
2989.000000
3011.000000
7302.000000
1249.000000
4053.000000
4884.000000
3940.000000
8557.000000
1118.000000
635.000000
2519.000000
4785.000000
5834.000000
6295.000000
1762.000000
9467.000000
8129.000000
7708.000000
4192.000000
7836.000000
6289.000000
7610.000000
5396.000000
2474.000000
8510.000000
1547.000000
9657.000000
8942.000000
6277.000000
6983.000000
9192.000000
9359.000000
645.000000
204.000000
1278.000000
8014.000000
1007.000000
6969.000000
9993.000000
3180.000000
4588.000000
2518.000000
9580.000000
4010.000000
4487.000000
5942.000000
6980.000000
206.000000
2965.000000
1664.000000
1513.000000
1560.000000
5271.000000
9999.000000
4544.000000
3074.000000
4288.000000
4992.000000
6808.000000
9463.000000
8887.000000
4887.000000
4766.000000
2557.000000
8762.000000
6808.000000
7619.000000
2806.000000
6570.000000
4094.000000
9875.000000
1925.000000
7174.000000
2386.000000
7384.000000
4565.000000
2533.000000
8429.000000
640.000000
922.000000
5294.000000
2906.000000
7372.000000
932.000000
5986.000000
428.000000
1567.000000
1721.000000
4583.000000
4069.000000
8237.000000
6066.000000
5592.000000
9559.000000
5888.000000
3054.000000
3012.000000
4090.000000
6495.000000
4910.000000
9103.000000
7071.000000
953.000000
9505.000000
1188.000000
7456.000000
2543.000000
7288.000000
6788.000000
1914.000000
6595.000000
7654.000000
7928.000000
5560.000000
5939.000000
8079.000000
1294.000000
7655.000000
1493.000000
7166.000000
776.000000
33.000000
456.000000
5274.000000
4012.000000
1665.000000
6008.000000
5960.000000
5254.000000
3963.000000
2107.000000
1163.000000
8810.000000
4488.000000
4638.000000
9619.000000
2119.000000
4726.000000
4308.000000
9077.000000
946.000000
4193.000000
9735.000000
3521.000000
4579.000000
5479.000000
8988.000000
4366.000000
5785.000000
1442.000000
3092.000000
521.000000
9092.000000
817.000000
376.000000
4924.000000
4114.000000
3846.000000
8280.000000
6180.000000
4424.000000
9868.000000
4795.000000
9091.000000
5648.000000
4080.000000
8999.000000
6563.000000
6145.000000
5175.000000
1219.000000
1885.000000
745.000000
7034.000000
6495.000000
5402.000000
6978.000000
1053.000000
8025.000000
6059.000000
2336.000000
3579.000000
9885.000000
1883.000000
3316.000000
4118.000000
5158.000000
4520.000000
5543.000000
8900.000000
3679.000000
2645.000000
4144.000000
5922.000000
3815.000000
9924.000000
7464.000000
2654.000000
3451.000000
5606.000000
6984.000000
8877.000000
3936.000000
7844.000000
4916.000000
3568.000000
6952.000000
1872.000000
7085.000000
1724.000000
9911.000000
448.000000
1859.000000
5815.000000
9679.000000
2730.000000
9033.000000
2573.000000
4530.000000
9737.000000
5966.000000
8711.000000
3865.000000
5189.000000
4692.000000
1945.000000
3665.000000
2399.000000
3737.000000
3470.000000
8132.000000
9587.000000
5161.000000
8915.000000
4723.000000
7341.000000
6253.000000
4957.000000
2670.000000
6489.000000
4309.000000
3690.000000
1968.000000
5842.000000
7371.000000
591.000000
7731.000000
952.000000
6882.000000
1176.000000
8323.000000
5669.000000
7852.000000
8489.000000
6214.000000
696.000000
8430.000000
7524.000000
4495.000000
9958.000000
70.000000
1775.000000
23.000000
943.000000
1734.000000
3715.000000
1125.000000
9459.000000
1615.000000
8637.000000
2589.000000
5812.000000
4366.000000
2539.000000
2756.000000
3293.000000
5956.000000
2154.000000
8127.000000
2594.000000
1574.000000
3569.000000
9202.000000
5096.000000
2872.000000
3146.000000
1500.000000
6566.000000
3950.000000
7070.000000
7765.000000
3690.000000
6687.000000
5584.000000
8017.000000
3361.000000
50.000000
2052.000000
1612.000000
983.000000
5920.000000
2078.000000
104.000000
4049.000000
6354.000000
616.000000
8114.000000
21.000000
7470.000000
6188.000000
6135.000000
4216.000000
608.000000
2623.000000
3567.000000
5798.000000
9026.000000
3621.000000
403.000000
6236.000000
7412.000000
661.000000
1960.000000
885.000000
9510.000000
2109.000000
8118.000000
9559.000000
1331.000000
8499.000000
5295.000000
6384.000000
970.000000
2484.000000
6916.000000
5640.000000
4045.000000
927.000000
413.000000
5354.000000
9105.000000
7485.000000
1505.000000
756.000000
8713.000000
6093.000000
765.000000
8053.000000
9055.000000
8950.000000
6637.000000
8497.000000
5357.000000
4977.000000
9230.000000
2454.000000
119.000000
8313.000000
7790.000000
6224.000000
2568.000000
9744.000000
2872.000000
6200.000000
7737.000000
9565.000000
7162.000000
4262.000000
1318.000000
9214.000000
7324.000000
273.000000
4253.000000
9572.000000
6817.000000
4065.000000
7342.000000
7717.000000
8309.000000
9933.000000
8724.000000
1184.000000
6345.000000
1261.000000
3182.000000
8501.000000
1654.000000
6636.000000
6486.000000
2890.000000
6333.000000
6641.000000
8118.000000
2143.000000
7163.000000
6493.000000
65.000000
9349.000000
534.000000
7304.000000
13.000000
7326.000000
7119.000000
1811.000000
3126.000000
2846.000000
7149.000000
9388.000000
3172.000000
9359.000000
4405.000000
1047.000000
4883.000000
6627.000000
6965.000000
1646.000000
5710.000000
7328.000000
356.000000
9583.000000
5349.000000
3428.000000
6561.000000
876.000000
1252.000000
6938.000000
604.000000
2783.000000
3701.000000
7999.000000
3463.000000
6845.000000
1562.000000
1655.000000
1433.000000
882.000000
1802.000000
2301.000000
6873.000000
9718.000000
3338.000000
9942.000000
7038.000000
9423.000000
8298.000000
4078.000000
8.000000
1132.000000
9938.000000
3207.000000
5107.000000
5049.000000
7399.000000
8986.000000
3118.000000
4531.000000
1724.000000
473.000000
7488.000000
107.000000
5416.000000
9502.000000
3641.000000
8276.000000
1485.000000
6333.000000
6753.000000
7833.000000
3876.000000
7707.000000
580.000000
7382.000000
9643.000000
3079.000000
1703.000000
9296.000000
8262.000000
1154.000000
5627.000000
751.000000
432.000000
3784.000000
3825.000000
6250.000000
5125.000000
5911.000000
7893.000000
9781.000000
902.000000
7296.000000
5102.000000
823.000000
1561.000000
5712.000000
6703.000000
6710.000000
8187.000000
484.000000
3196.000000
2378.000000
1133.000000
4390.000000
5130.000000
650.000000
2681.000000
4996.000000
2972.000000
1977.000000
4311.000000
8880.000000
8934.000000
5961.000000
7168.000000
5865.000000
3387.000000
4742.000000
9845.000000
4831.000000
8602.000000
3767.000000
375.000000
2050.000000
300.000000
4123.000000
1805.000000
6876.000000
9136.000000
4776.000000
5180.000000
3299.000000
2450.000000
5072.000000
3146.000000
7413.000000
7644.000000
6856.000000
6955.000000
5672.000000
4402.000000
2799.000000
7924.000000
2909.000000
2867.000000
9786.000000
3995.000000
4458.000000
5058.000000
9604.000000
4627.000000
4326.000000
6565.000000
6749.000000
7909.000000
8087.000000
2319.000000
4313.000000
4019.000000
5199.000000
2071.000000
3079.000000
7982.000000
8587.000000
2578.000000
9142.000000
5621.000000
5165.000000
5283.000000
6499.000000
7613.000000
1525.000000
2050.000000
7948.000000
2353.000000
2956.000000
1355.000000
4118.000000
5700.000000
5511.000000
8410.000000
9574.000000
6091.000000
2469.000000
7985.000000
5564.000000
1001.000000
792.000000
8338.000000
5425.000000
9363.000000
133.000000
5993.000000
3799.000000
3287.000000
5840.000000
6171.000000
8432.000000
3222.000000
2900.000000
5970.000000
5040.000000
1809.000000
6622.000000
8896.000000
9528.000000
6432.000000
2999.000000
6364.000000
2990.000000
7070.000000
8047.000000
3162.000000
9700.000000
8116.000000
7268.000000
4965.000000
2318.000000
8304.000000
1302.000000
3482.000000
2563.000000
3557.000000
8035.000000
3344.000000
8402.000000
1330.000000
8396.000000
9943.000000
6828.000000
8915.000000
8442.000000
3450.000000
4072.000000
5932.000000
2767.000000
9580.000000
503.000000
6812.000000
2286.000000
5359.000000
4307.000000
8573.000000
8847.000000
8747.000000
5916.000000
657.000000
7299.000000
8370.000000
7210.000000
5510.000000
8130.000000
5921.000000
7456.000000
1579.000000
1093.000000
7917.000000
1572.000000
2462.000000
7998.000000
2106.000000
3944.000000
739.000000
5840.000000
8650.000000
9461.000000
4688.000000
6603.000000
4541.000000
5676.000000
3406.000000
5026.000000
5793.000000
600.000000
468.000000
7300.000000
454.000000
528.000000
5260.000000
8299.000000
944.000000
7696.000000
4560.000000
9374.000000
2919.000000
1877.000000
6369.000000
4111.000000
1653.000000
6422.000000
5989.000000
1345.000000
9717.000000
5585.000000
70.000000
9126.000000
1264.000000
6070.000000
9844.000000
1008.000000
7584.000000
5740.000000
1065.000000
7757.000000
1345.000000
3779.000000
170.000000
7116.000000
970.000000
8216.000000
9787.000000
5135.000000
2200.000000
6487.000000
5783.000000
6040.000000
9249.000000
7747.000000
6272.000000
3936.000000
5887.000000
5358.000000
1726.000000
5735.000000
9628.000000
3261.000000
2602.000000
1113.000000
990.000000
5762.000000
9429.000000
9435.000000
450.000000
8129.000000
100.000000
1537.000000
2711.000000
1038.000000
4597.000000
2090.000000
8505.000000
4468.000000
2675.000000
2429.000000
6614.000000
8751.000000
3888.000000
1944.000000
351.000000
2702.000000
4978.000000
2889.000000
624.000000
1632.000000
3156.000000
2460.000000
2918.000000
9153.000000
2543.000000
4497.000000
5185.000000
6761.000000
3835.000000
5355.000000
3373.000000
4965.000000
1331.000000
4959.000000
2835.000000
7661.000000
7836.000000
9895.000000
3412.000000
8118.000000
4264.000000
9437.000000
9225.000000
4399.000000
6749.000000
4048.000000
4057.000000
9395.000000
4717.000000
7903.000000
2056.000000
1378.000000
2646.000000
2058.000000
5944.000000
4453.000000
2907.000000
8546.000000
3991.000000
379.000000
5902.000000
3944.000000
1827.000000
3847.000000
8957.000000
3156.000000
2223.000000
6183.000000
7650.000000
6993.000000
8066.000000
5511.000000
349.000000
6536.000000
4819.000000
7173.000000
6797.000000
8929.000000
8127.000000
7135.000000
7358.000000
1909.000000
1570.000000
7938.000000
536.000000
453.000000
8157.000000
3319.000000
210.000000
5782.000000
1981.000000
102.000000
9998.000000
7496.000000
1950.000000
5617.000000
8484.000000
4531.000000
7469.000000
5079.000000
4607.000000
841.000000
4462.000000
8472.000000
8125.000000
3775.000000
9046.000000
6160.000000
4422.000000
6839.000000
3940.000000
9655.000000
5964.000000
963.000000
4237.000000
9392.000000
2949.000000
1057.000000
4401.000000
939.000000
6275.000000
4316.000000
2575.000000
7354.000000
1067.000000
9271.000000
5631.000000
9141.000000
4383.000000
8046.000000
5549.000000
2786.000000
43.000000
4345.000000
9705.000000
7648.000000
3443.000000
1471.000000
3000.000000
9941.000000
3545.000000
4025.000000
8206.000000
2311.000000
3193.000000
9397.000000
1490.000000
3150.000000
8165.000000
8134.000000
9049.000000
1748.000000
5162.000000
6749.000000
997.000000
8208.000000
6375.000000
1657.000000
2049.000000
4571.000000
9372.000000
8725.000000
3177.000000
6317.000000
5565.000000
9687.000000
7713.000000
9037.000000
9204.000000
7162.000000
2915.000000
649.000000
9110.000000
6410.000000
9468.000000
3235.000000
5245.000000
2152.000000
5233.000000
2682.000000
4547.000000
9942.000000
572.000000
9857.000000
3408.000000
1149.000000
7376.000000
2039.000000
5990.000000
7191.000000
9355.000000
5976.000000
6206.000000
2012.000000
8539.000000
8814.000000
1150.000000
6035.000000
4505.000000
5253.000000
3596.000000
6029.000000
204.000000
8661.000000
7033.000000
8332.000000
7945.000000
3984.000000
3349.000000
6605.000000
3009.000000
194.000000
3075.000000
4761.000000
2101.000000
9105.000000
2319.000000
7949.000000
4988.000000
2345.000000
8093.000000
3739.000000
5640.000000
6151.000000
5126.000000
9179.000000
7967.000000
3929.000000
4190.000000
5095.000000
4112.000000
8091.000000
3150.000000
3611.000000
4608.000000
7933.000000
9909.000000
9519.000000
1129.000000
7804.000000
7768.000000
2542.000000
3793.000000
2005.000000
3213.000000
5486.000000
645.000000
110.000000
8651.000000
1811.000000
3192.000000
8445.000000
5132.000000
6975.000000
8466.000000
1594.000000
1569.000000
1402.000000
1257.000000
6490.000000
7025.000000
5584.000000
1648.000000
1452.000000
1774.000000
8236.000000
8357.000000
1649.000000
6062.000000
2777.000000
3948.000000
4793.000000
1025.000000
2109.000000
409.000000
7041.000000
1132.000000
4916.000000
2975.000000
2.000000
3083.000000
4260.000000
4882.000000
6274.000000
1595.000000
7902.000000
9941.000000
443.000000
6450.000000
8565.000000
3973.000000
2419.000000
7480.000000
841.000000
8444.000000
9512.000000
2422.000000
2239.000000
8097.000000
1819.000000
2342.000000
4462.000000
1888.000000
3085.000000
6798.000000
414.000000
2260.000000
8497.000000
9767.000000
8339.000000
2412.000000
7384.000000
6975.000000
5510.000000
7976.000000
3601.000000
2369.000000
4395.000000
3759.000000
1442.000000
6178.000000
2722.000000
803.000000
960.000000
2535.000000
564.000000
8221.000000
9159.000000
457.000000
2781.000000
5250.000000
589.000000
2704.000000
5070.000000
5089.000000
6784.000000
1955.000000
1162.000000
4079.000000
6107.000000
5604.000000
9605.000000
6512.000000
6328.000000
7380.000000
4246.000000
6139.000000
568.000000
8069.000000
7685.000000
4130.000000
4643.000000
5938.000000
9642.000000
7611.000000
2886.000000
2431.000000
1213.000000
2300.000000
2202.000000
3372.000000
4023.000000
3393.000000
1404.000000
3598.000000
6463.000000
8140.000000
748.000000
1833.000000
5999.000000
1764.000000
3183.000000
3481.000000
5806.000000
6345.000000
3160.000000
951.000000
4308.000000
7540.000000
8131.000000
4562.000000
7282.000000
7566.000000
3133.000000
9189.000000
9421.000000
1603.000000
9276.000000
1562.000000
9720.000000
1826.000000
4701.000000
6838.000000
6346.000000
7875.000000
7416.000000
3306.000000
3829.000000
341.000000
2492.000000
302.000000
2405.000000
4930.000000
971.000000
5666.000000
5629.000000
845.000000
7538.000000
6755.000000
6648.000000
2154.000000
9640.000000
6061.000000
2565.000000
5860.000000
4877.000000
4306.000000
7490.000000
6396.000000
536.000000
1891.000000
2565.000000
6256.000000
371.000000
6040.000000
7109.000000
459.000000
6657.000000
7252.000000
9541.000000
7658.000000
901.000000
7544.000000
1993.000000
8243.000000
4246.000000
6276.000000
2951.000000
8215.000000
8478.000000
2706.000000
2083.000000
3102.000000
2250.000000
4841.000000
5721.000000
4815.000000
1254.000000
7125.000000
3678.000000
4748.000000
5578.000000
4217.000000
1205.000000
9952.000000
160.000000
4334.000000
8457.000000
7155.000000
7449.000000
1784.000000
7104.000000
219.000000
4710.000000
9750.000000
2857.000000
9002.000000
605.000000
921.000000
3713.000000
1291.000000
8576.000000
383.000000
3845.000000
1404.000000
5865.000000
8098.000000
1628.000000
6549.000000
9783.000000
7599.000000
5932.000000
434.000000
8897.000000
6391.000000
2804.000000
3797.000000
1230.000000
9995.000000
8626.000000
3975.000000
620.000000
8458.000000
8199.000000
4150.000000
3574.000000
3198.000000
9248.000000
3576.000000
4684.000000
8056.000000
1315.000000
9004.000000
8627.000000
6514.000000
3822.000000
7466.000000
5713.000000
1062.000000
4983.000000
4834.000000
4476.000000
4564.000000
3094.000000
7190.000000
7409.000000
6211.000000
1449.000000
7329.000000
193.000000
3680.000000
3482.000000
7517.000000
1128.000000
7137.000000
7836.000000
4947.000000
3266.000000
9808.000000
2246.000000
5108.000000
354.000000
1075.000000
9668.000000
5193.000000
4825.000000
645.000000
8163.000000
1638.000000
780.000000
93.000000
8265.000000
5528.000000
2320.000000
266.000000
8407.000000
8794.000000
7834.000000
9377.000000
8634.000000
1528.000000
193.000000
9260.000000
2263.000000
3902.000000
4067.000000
7293.000000
5386.000000
5670.000000
3405.000000
5221.000000
2464.000000
1734.000000
8004.000000
7072.000000
1914.000000
9699.000000
3752.000000
727.000000
4651.000000
9756.000000
1215.000000
9136.000000
9583.000000
6672.000000
9278.000000
3206.000000
7914.000000
8537.000000
6413.000000
4219.000000
9682.000000
4462.000000
4102.000000
9374.000000
3334.000000
5358.000000
404.000000
7881.000000
1098.000000
2440.000000
3764.000000
362.000000
2208.000000
4160.000000
1444.000000
8223.000000
4197.000000
7868.000000
1485.000000
6220.000000
4876.000000
8621.000000
590.000000
7107.000000
9931.000000
6912.000000
5135.000000
390.000000
8010.000000
8634.000000
1683.000000
8861.000000
8110.000000
2361.000000
5629.000000
9952.000000
2589.000000
4024.000000
5843.000000
2493.000000
590.000000
2857.000000
1210.000000
4328.000000
683.000000
643.000000
6689.000000
4527.000000
3747.000000
2437.000000
2299.000000
889.000000
679.000000
9012.000000
9217.000000
1118.000000
8117.000000
5221.000000
8311.000000
3653.000000
8087.000000
2396.000000
1.000000
6926.000000
7440.000000
6290.000000
9228.000000
532.000000
6189.000000
3891.000000
8341.000000
5900.000000
8787.000000
4126.000000
2675.000000
2438.000000
654.000000
4216.000000
2560.000000
927.000000
7661.000000
5718.000000
609.000000
8211.000000
1810.000000
3113.000000
8108.000000
9011.000000
9487.000000
9561.000000
5773.000000
7448.000000
574.000000
8380.000000
8833.000000
6679.000000
3369.000000
284.000000
6448.000000
9067.000000
634.000000
5114.000000
3668.000000
4491.000000
3250.000000
1988.000000
9500.000000
5346.000000
3685.000000
4651.000000
2359.000000
435.000000
1593.000000
3677.000000
72.000000
8410.000000
4224.000000
7894.000000
1619.000000
4458.000000
5681.000000
9779.000000
6549.000000
1928.000000
5217.000000
89.000000
884.000000
1846.000000
903.000000
1150.000000
9687.000000
8687.000000
6565.000000
2415.000000
446.000000
8737.000000
1792.000000
8830.000000
3791.000000
7239.000000
748.000000
8037.000000
6737.000000
7024.000000
8295.000000
8907.000000
8834.000000
8138.000000
1381.000000
4684.000000
1233.000000
1584.000000
1150.000000
4272.000000
8443.000000
4530.000000
4542.000000
9259.000000
67.000000
5411.000000
2213.000000
2784.000000
382.000000
862.000000
7940.000000
1015.000000
725.000000
3935.000000
8135.000000
8704.000000
9707.000000
9897.000000
6838.000000
8117.000000
2626.000000
3056.000000
5765.000000
2080.000000
6339.000000
1287.000000
6279.000000
8849.000000
7622.000000
5185.000000
67.000000
150.000000
9561.000000
710.000000
1618.000000
8402.000000
3479.000000
5633.000000
538.000000
4823.000000
8221.000000
3237.000000
1599.000000
4326.000000
7580.000000
501.000000
5754.000000
8256.000000
7029.000000
8616.000000
1770.000000
5241.000000
5753.000000
1967.000000
2238.000000
3013.000000
6403.000000
4290.000000
1243.000000
5230.000000
8085.000000
8208.000000
9800.000000
3952.000000
531.000000
840.000000
4089.000000
6708.000000
5398.000000
5520.000000
4655.000000
4861.000000
1697.000000
8433.000000
8008.000000
5266.000000
6221.000000
1249.000000
7429.000000
8603.000000
3321.000000
4474.000000
7370.000000
343.000000
6233.000000
2218.000000
527.000000
4098.000000
8405.000000
7984.000000
9339.000000
9092.000000
1369.000000
5531.000000
436.000000
889.000000
8484.000000
475.000000
158.000000
212.000000
5245.000000
9505.000000
9740.000000
1603.000000
3015.000000
3619.000000
8220.000000
3946.000000
3393.000000
9720.000000
1472.000000
5089.000000
8829.000000
6342.000000
5057.000000
649.000000
1945.000000
978.000000
2308.000000
5421.000000
6622.000000
8880.000000
2882.000000
8562.000000
5843.000000
2980.000000
282.000000
4890.000000
1323.000000
7520.000000
3565.000000
3771.000000
7424.000000
1105.000000
6170.000000
758.000000
8797.000000
7561.000000
359.000000
6915.000000
8590.000000
4154.000000
172.000000
1745.000000
9603.000000
260.000000
6117.000000
8314.000000
1069.000000
9855.000000
4197.000000
4132.000000
2164.000000
2153.000000
5473.000000
3572.000000
7881.000000
8206.000000
7254.000000
2388.000000
3853.000000
8956.000000
5220.000000
6994.000000
3689.000000
3890.000000
7015.000000
1168.000000
2092.000000
6565.000000
8071.000000
5802.000000
8261.000000
2166.000000
4192.000000
5014.000000
838.000000
1521.000000
8211.000000
8550.000000
6142.000000
3815.000000
3226.000000
3633.000000
9082.000000
923.000000
9456.000000
2603.000000
4937.000000
3236.000000
1603.000000
4162.000000
7285.000000
9599.000000
5517.000000
9837.000000
9805.000000
2223.000000
8150.000000
8072.000000
7814.000000
7115.000000
3526.000000
903.000000
291.000000
741.000000
7615.000000
6282.000000
916.000000
5877.000000
9443.000000
233.000000
5966.000000
9690.000000
4799.000000
7286.000000
8543.000000
3746.000000
6173.000000
5237.000000
7619.000000
7990.000000
4657.000000
2817.000000
8846.000000
1589.000000
5875.000000
9961.000000
766.000000
9025.000000
1259.000000
6061.000000
205.000000
8943.000000
9583.000000
1541.000000
7059.000000
9201.000000
6234.000000
6256.000000
4261.000000
2726.000000
5521.000000
1262.000000
3129.000000
1208.000000
8308.000000
32.000000
6153.000000
1665.000000
1080.000000
7941.000000
8617.000000
6755.000000
8210.000000
9941.000000
9043.000000
6326.000000
8182.000000
105.000000
9111.000000
6407.000000
9025.000000
9727.000000
4807.000000
4434.000000
3581.000000
7469.000000
45.000000
5975.000000
2324.000000
8005.000000
8840.000000
1648.000000
3921.000000
5088.000000
9051.000000
2347.000000
1947.000000
5068.000000
1975.000000
8919.000000
5793.000000
3925.000000
6934.000000
3228.000000
2591.000000
9310.000000
7217.000000
1470.000000
7469.000000
2106.000000
7526.000000
6654.000000
1523.000000
3703.000000
9681.000000
9872.000000
7327.000000
377.000000
9853.000000
5960.000000
8737.000000
612.000000
3737.000000
3919.000000
3497.000000
9948.000000
1912.000000
5594.000000
5168.000000
8762.000000
5324.000000
4437.000000
8334.000000
4831.000000
9764.000000
625.000000
2589.000000
4613.000000
9536.000000
8306.000000
5130.000000
1395.000000
3391.000000
1195.000000
5078.000000
6998.000000
4354.000000
3939.000000
1659.000000
7310.000000
5500.000000
7909.000000
812.000000
4326.000000
7733.000000
6666.000000
6472.000000
9070.000000
9891.000000
1760.000000
7133.000000
5169.000000
8013.000000
9926.000000
77.000000
596.000000
3949.000000
1859.000000
6601.000000
3505.000000
9758.000000
5420.000000
8785.000000
9100.000000
215.000000
3838.000000
1223.000000
9827.000000
5069.000000
6617.000000
126.000000
1975.000000
5676.000000
9861.000000
2477.000000
5065.000000
3576.000000
1029.000000
8924.000000
2610.000000
7986.000000
9964.000000
1195.000000
443.000000
1477.000000
8734.000000
2314.000000
3802.000000
1438.000000
9887.000000
5680.000000
4754.000000
1555.000000
3422.000000
1191.000000
5945.000000
1567.000000
9805.000000
2976.000000
1354.000000
9608.000000
4656.000000
4856.000000
7231.000000
5777.000000
7056.000000
3541.000000
4885.000000
4327.000000
2274.000000
9823.000000
4761.000000
2829.000000
1387.000000
7277.000000
6663.000000
2967.000000
1314.000000
9052.000000
5971.000000
4690.000000
941.000000
1722.000000
2854.000000
3452.000000
3986.000000
3716.000000
9165.000000
7502.000000
8814.000000
7256.000000
58.000000
958.000000
8479.000000
9171.000000
7749.000000
1927.000000
3270.000000
8256.000000
6502.000000
482.000000
2619.000000
850.000000
39.000000
1459.000000
3571.000000
9094.000000
2513.000000
7491.000000
484.000000
4882.000000
1094.000000
7745.000000
8951.000000
9580.000000
1858.000000
3442.000000
2612.000000
7466.000000
4381.000000
1715.000000
2590.000000
5747.000000
8031.000000
8879.000000
3386.000000
5274.000000
3286.000000
5094.000000
9750.000000
8664.000000
4540.000000
5769.000000
6319.000000
8595.000000
2591.000000
2970.000000
7144.000000
8899.000000
9388.000000
3244.000000
8362.000000
3418.000000
3383.000000
7017.000000
7842.000000
9124.000000
4436.000000
6888.000000
6380.000000
4511.000000
6745.000000
5616.000000
8631.000000
9216.000000
4520.000000
6433.000000
187.000000
2240.000000
1276.000000
2897.000000
1737.000000
8208.000000
1582.000000
6984.000000
421.000000
5721.000000
656.000000
9069.000000
2393.000000
1449.000000
9384.000000
3014.000000
5777.000000
1333.000000
6953.000000
370.000000
6499.000000
2943.000000
2621.000000
2585.000000
9197.000000
9008.000000
7235.000000
2320.000000
3490.000000
8809.000000
4650.000000
3220.000000
4371.000000
8466.000000
5350.000000
2307.000000
8580.000000
1640.000000
7898.000000
8142.000000
9845.000000
8482.000000
4658.000000
7231.000000
7574.000000
6427.000000
3269.000000
3347.000000
3075.000000
5451.000000
6174.000000
5513.000000
5918.000000
8425.000000
4094.000000
3455.000000
7310.000000
2126.000000
7089.000000
6364.000000
1920.000000
3263.000000
593.000000
4233.000000
7617.000000
7271.000000
6126.000000
7527.000000
418.000000
3211.000000
2043.000000
3161.000000
6489.000000
1184.000000
1698.000000
2412.000000
9608.000000
4740.000000
3189.000000
7874.000000
9698.000000
2364.000000
3107.000000
3687.000000
1831.000000
8495.000000
1190.000000
2545.000000
6869.000000
2632.000000
6331.000000
9390.000000
305.000000
195.000000
611.000000
5368.000000
4824.000000
1146.000000
8572.000000
1943.000000
9433.000000
7899.000000
284.000000
9807.000000
2629.000000
6651.000000
3607.000000
1596.000000
5443.000000
4870.000000
3573.000000
2816.000000
9432.000000
610.000000
156.000000
6392.000000
3995.000000
4070.000000
6345.000000
7229.000000
2912.000000
7150.000000
990.000000
5448.000000
5709.000000
4098.000000
8921.000000
155.000000
5418.000000
9086.000000
7257.000000
7524.000000
9220.000000
3503.000000
4480.000000
2655.000000
111.000000
7429.000000
9954.000000
6686.000000
2666.000000
3443.000000
7215.000000
861.000000
1312.000000
9599.000000
3177.000000
3306.000000
7995.000000
7204.000000
9912.000000
17.000000
7755.000000
6407.000000
9912.000000
8842.000000
5293.000000
2540.000000
9164.000000
7258.000000
127.000000
4457.000000
8221.000000
2886.000000
8168.000000
4735.000000
9424.000000
5684.000000
9110.000000
7975.000000
4235.000000
3417.000000
3932.000000
6198.000000
9445.000000
643.000000
8416.000000
2531.000000
7379.000000
2442.000000
1113.000000
9062.000000
3744.000000
8300.000000
6984.000000
7960.000000
5652.000000
3418.000000
9886.000000
2854.000000
7623.000000
2447.000000
4072.000000
8828.000000
634.000000
4372.000000
8534.000000
2514.000000
560.000000
3030.000000
3520.000000
8379.000000
4974.000000
2948.000000
1533.000000
8306.000000
4399.000000
7708.000000
3451.000000
1085.000000
5354.000000
274.000000
8464.000000
1448.000000
3362.000000
4960.000000
4317.000000
178.000000
2819.000000
851.000000
4487.000000
3064.000000
4458.000000
8561.000000
27.000000
3496.000000
4978.000000
350.000000
6585.000000
7474.000000
2168.000000
5012.000000
562.000000
5386.000000
9605.000000
1237.000000
8613.000000
9615.000000
800.000000
1168.000000
8916.000000
6118.000000
9106.000000
4350.000000
3343.000000
5563.000000
7524.000000
2389.000000
3511.000000
2185.000000
6290.000000
3878.000000
7496.000000
1071.000000
7107.000000
1370.000000
9598.000000
7177.000000
2727.000000
7772.000000
4693.000000
1966.000000
2156.000000
4656.000000
3492.000000
9908.000000
4710.000000
4281.000000
1462.000000
9855.000000
4529.000000
7878.000000
1183.000000
4343.000000
8477.000000
1457.000000
4802.000000
2301.000000
9417.000000
6213.000000
3380.000000
8975.000000
1259.000000
3116.000000
8526.000000
5898.000000
9969.000000
2248.000000
2989.000000
6485.000000
3042.000000
8411.000000
2388.000000
7534.000000
7011.000000
3542.000000
4200.000000
6791.000000
1215.000000
3753.000000
9896.000000
3725.000000
8681.000000
2481.000000
2737.000000
346.000000
4838.000000
867.000000
6232.000000
9925.000000
6452.000000
8752.000000
4696.000000
2428.000000
3284.000000
9468.000000
8562.000000
5383.000000
2509.000000
2199.000000
884.000000
7142.000000
6174.000000
7376.000000
6063.000000
8691.000000
4188.000000
5823.000000
3124.000000
804.000000
9171.000000
5004.000000
2401.000000
2642.000000
5147.000000
1973.000000
2532.000000
7399.000000
1306.000000
7984.000000
4883.000000
5512.000000
6798.000000
7784.000000
7201.000000
4844.000000
7357.000000
778.000000
2796.000000
7609.000000
8407.000000
5555.000000
1852.000000
1646.000000
9921.000000
6467.000000
1027.000000
6197.000000
6899.000000
2463.000000
8950.000000
7516.000000
7941.000000
5564.000000
3260.000000
5537.000000
3300.000000
2627.000000
8408.000000
9588.000000
7334.000000
6391.000000
1840.000000
1862.000000
9135.000000
5228.000000
1881.000000
340.000000
5704.000000
9224.000000
687.000000
7354.000000
8076.000000
5811.000000
8025.000000
6544.000000
2916.000000
8980.000000
1268.000000
9965.000000
3422.000000
5820.000000
3870.000000
5055.000000
3046.000000
1942.000000
4405.000000
3967.000000
6677.000000
8465.000000
7446.000000
4204.000000
7657.000000
8002.000000
9783.000000
2932.000000
5068.000000
6241.000000
823.000000
5380.000000
2981.000000
3929.000000
3983.000000
2138.000000
1366.000000
6367.000000
4147.000000
7377.000000
1059.000000
376.000000
654.000000
1534.000000
3063.000000
8523.000000
6970.000000
6405.000000
2319.000000
966.000000
7081.000000
3703.000000
2363.000000
3631.000000
9501.000000
1638.000000
5243.000000
2357.000000
7965.000000
3761.000000
5544.000000
4410.000000
6094.000000
4294.000000
5205.000000
474.000000
3922.000000
3558.000000
7663.000000
1243.000000
4173.000000
2751.000000
5234.000000
7841.000000
246.000000
2657.000000
8542.000000
1972.000000
5138.000000
460.000000
2026.000000
2344.000000
4659.000000
8431.000000
3807.000000
7865.000000
4255.000000
8935.000000
164.000000
9911.000000
4430.000000
114.000000
3168.000000
296.000000
4393.000000
3001.000000
5841.000000
978.000000
6431.000000
2234.000000
8516.000000
653.000000
2998.000000
8899.000000
2564.000000
3941.000000
8304.000000
9241.000000
8175.000000
8972.000000
9108.000000
7321.000000
5524.000000
7780.000000
8357.000000
919.000000
9662.000000
9270.000000
4048.000000
2068.000000
6609.000000
7466.000000
6160.000000
1700.000000
42.000000
4563.000000
7628.000000
431.000000
4054.000000
422.000000
1665.000000
1483.000000
1421.000000
7813.000000
7595.000000
2517.000000
7078.000000
5112.000000
9396.000000
7863.000000
2572.000000
9532.000000
1319.000000
72.000000
6467.000000
8188.000000
2049.000000
7316.000000
6555.000000
248.000000
5352.000000
9327.000000
312.000000
8170.000000
1565.000000
657.000000
3252.000000
4526.000000
4512.000000
9454.000000
5472.000000
5275.000000
6585.000000
206.000000
4734.000000
4381.000000
4994.000000
5520.000000
6126.000000
696.000000
3971.000000
7747.000000
8459.000000
4091.000000
3580.000000
4859.000000
3609.000000
9470.000000
7497.000000
7964.000000
3418.000000
9716.000000
5796.000000
7429.000000
5609.000000
5261.000000
805.000000
922.000000
6759.000000
1501.000000
3979.000000
4365.000000
7029.000000
3159.000000
4665.000000
7589.000000
3301.000000
578.000000
8019.000000
8752.000000
5912.000000
4125.000000
197.000000
5008.000000
4782.000000
2812.000000
4051.000000
2729.000000
7209.000000
2916.000000
7286.000000
4722.000000
7588.000000
8767.000000
3338.000000
7615.000000
3206.000000
795.000000
8731.000000
8674.000000
9149.000000
5181.000000
6138.000000
8273.000000
4663.000000
2223.000000
6187.000000
6711.000000
3767.000000
5835.000000
8416.000000
737.000000
3311.000000
6537.000000
247.000000
235.000000
388.000000
1881.000000
6801.000000
8785.000000
1353.000000
113.000000
962.000000
2175.000000
6183.000000
3321.000000
6202.000000
6777.000000
3754.000000
9421.000000
3728.000000
4200.000000
2048.000000
3492.000000
5096.000000
7341.000000
1447.000000
3898.000000
6234.000000
6665.000000
4427.000000
3288.000000
6069.000000
5395.000000
236.000000
304.000000
3900.000000
4454.000000
2593.000000
6212.000000
9099.000000
9178.000000
3459.000000
2201.000000
9446.000000
988.000000
4312.000000
345.000000
9531.000000
8113.000000
9159.000000
6338.000000
7805.000000
6156.000000
1141.000000
890.000000
2775.000000
6611.000000
471.000000
6596.000000
3635.000000
8659.000000
6847.000000
6203.000000
1150.000000
7266.000000
6209.000000
1339.000000
4912.000000
3527.000000
2198.000000
6952.000000
1272.000000
8144.000000
9446.000000
8215.000000
8511.000000
6800.000000
5311.000000
9364.000000
9548.000000
126.000000
4131.000000
3030.000000
6185.000000
5003.000000
3589.000000
2558.000000
1821.000000
3004.000000
5869.000000
483.000000
2227.000000
2804.000000
7555.000000
4275.000000
4401.000000
9151.000000
4728.000000
2528.000000
8680.000000
8175.000000
4317.000000
7936.000000
793.000000
2856.000000
2624.000000
5223.000000
9886.000000
4448.000000
4804.000000
2159.000000
4557.000000
6190.000000
5224.000000
8488.000000
8209.000000
383.000000
5795.000000
9567.000000
8921.000000
3687.000000
4714.000000
3650.000000
6336.000000
2163.000000
5923.000000
9414.000000
8578.000000
5424.000000
3845.000000
4112.000000
809.000000
8333.000000
7963.000000
38.000000
6582.000000
1938.000000
5672.000000
8063.000000
8162.000000
5955.000000
9080.000000
1279.000000
6738.000000
6376.000000
6369.000000
7462.000000
1303.000000
8459.000000
9264.000000
7171.000000
9548.000000
6959.000000
8912.000000
6731.000000
3057.000000
571.000000
1864.000000
4133.000000
7146.000000
2196.000000
8713.000000
7088.000000
2463.000000
4410.000000
3406.000000
1152.000000
9933.000000
3866.000000
9173.000000
9673.000000
294.000000
3029.000000
7273.000000
5038.000000
9321.000000
9569.000000
1251.000000
7496.000000
5276.000000
2294.000000
9911.000000
5100.000000
3458.000000
6918.000000
8859.000000
4449.000000
4553.000000
3073.000000
985.000000
2893.000000
2841.000000
2554.000000
4199.000000
303.000000
7184.000000
1351.000000
559.000000
2213.000000
5276.000000
7570.000000
7299.000000
9792.000000
6742.000000
6554.000000
8309.000000
7238.000000
4854.000000
8988.000000
3992.000000
6025.000000
5678.000000
8907.000000
7843.000000
2750.000000
4574.000000
6989.000000
2222.000000
3688.000000
384.000000
1311.000000
1195.000000
2633.000000
8758.000000
4853.000000
4907.000000
1432.000000
7182.000000
2625.000000
4440.000000
70.000000
8043.000000
5810.000000
5879.000000
1925.000000
9751.000000
3973.000000
9303.000000
1026.000000
1221.000000
7583.000000
6950.000000
7531.000000
2117.000000
9648.000000
4405.000000
6265.000000
309.000000
7816.000000
9257.000000
3202.000000
7818.000000
2898.000000
4304.000000
784.000000
1035.000000
388.000000
8014.000000
7954.000000
7421.000000
1533.000000
4412.000000
2827.000000
9067.000000
8641.000000
7802.000000
1796.000000
3040.000000
5005.000000
2317.000000
3299.000000
2225.000000
4224.000000
4625.000000
1987.000000
163.000000
9379.000000
9163.000000
4437.000000
8287.000000
3978.000000
6986.000000
7236.000000
285.000000
8269.000000
1596.000000
9896.000000
9195.000000
5591.000000
6425.000000
3076.000000
1737.000000
6719.000000
8812.000000
2638.000000
4967.000000
2379.000000
2416.000000
3637.000000
6569.000000
8737.000000
4223.000000
3678.000000
4069.000000
351.000000
577.000000
6565.000000
4290.000000
3823.000000
8570.000000
1655.000000
7638.000000
7694.000000
2356.000000
3218.000000
5132.000000
2161.000000
7835.000000
4442.000000
6524.000000
1158.000000
9724.000000
7504.000000
9469.000000
5209.000000
8016.000000
5143.000000
3616.000000
112.000000
2960.000000
3318.000000
422.000000
9932.000000
8976.000000
22.000000
2636.000000
2407.000000
8827.000000
530.000000
8162.000000
3325.000000
3892.000000
6756.000000
6703.000000
9884.000000
3083.000000
758.000000
6715.000000
3190.000000
8087.000000
313.000000
7164.000000
4730.000000
962.000000
570.000000
5726.000000
1134.000000
506.000000
6683.000000
1298.000000
6256.000000
8231.000000
7567.000000
394.000000
3004.000000
7660.000000
8928.000000
7687.000000
8623.000000
1713.000000
8249.000000
3102.000000
3068.000000
7210.000000
5291.000000
1309.000000
93.000000
906.000000
6473.000000
5140.000000
8658.000000
352.000000
2378.000000
960.000000
3345.000000
3532.000000
9957.000000
9516.000000
5970.000000
9124.000000
2710.000000
9064.000000
3040.000000
3321.000000
9971.000000
4922.000000
7813.000000
4540.000000
3635.000000
8408.000000
3181.000000
4955.000000
9753.000000
546.000000
4187.000000
7055.000000
2442.000000
6969.000000
8898.000000
7776.000000
6359.000000
4495.000000
8065.000000
5976.000000
8999.000000
4907.000000
885.000000
6154.000000
5537.000000
5106.000000
2597.000000
2052.000000
2867.000000
5915.000000
8883.000000
2151.000000
9462.000000
9709.000000
2178.000000
8088.000000
3802.000000
6572.000000
4334.000000
5719.000000
2846.000000
1679.000000
7462.000000
4024.000000
522.000000
8577.000000
4633.000000
5877.000000
4332.000000
1296.000000
3137.000000
4321.000000
2878.000000
7782.000000
3075.000000
9111.000000
9064.000000
8291.000000
9720.000000
4128.000000
2048.000000
1157.000000
5363.000000
8512.000000
480.000000
7127.000000
5421.000000
9277.000000
2169.000000
8821.000000
842.000000
5673.000000
3973.000000
8424.000000
9284.000000
7905.000000
1887.000000
7649.000000
1998.000000
6500.000000
3930.000000
820.000000
5637.000000
2813.000000
763.000000
6505.000000
2797.000000
1161.000000
9958.000000
147.000000
2174.000000
2828.000000
5777.000000
3174.000000
1058.000000
9861.000000
2793.000000
4205.000000
258.000000
2626.000000
9617.000000
3625.000000
1308.000000
6157.000000
8763.000000
9139.000000
6790.000000
7067.000000
1669.000000
6394.000000
3421.000000
2598.000000
6498.000000
1471.000000
7069.000000
3323.000000
7740.000000
943.000000
9746.000000
2109.000000
9138.000000
9136.000000
323.000000
9736.000000
2376.000000
8776.000000
4760.000000
6622.000000
2446.000000
9128.000000
2190.000000
7205.000000
873.000000
660.000000
7352.000000
6351.000000
4308.000000
5973.000000
9362.000000
1604.000000
7742.000000
6814.000000
6218.000000
7653.000000
630.000000
8045.000000
7739.000000
1390.000000
6814.000000
1147.000000
7461.000000
8246.000000
2356.000000
2366.000000
6851.000000
4211.000000
9383.000000
3840.000000
8979.000000
2737.000000
4575.000000
2686.000000
1110.000000
5072.000000
2386.000000
5319.000000
8178.000000
4440.000000
9004.000000
1277.000000
5452.000000
3952.000000
4103.000000
699.000000
8396.000000
5718.000000
1739.000000
731.000000
2437.000000
3425.000000
4480.000000
5760.000000
7587.000000
9983.000000
8619.000000
6801.000000
5227.000000
4186.000000
9914.000000
5697.000000
9129.000000
5593.000000
9489.000000
7265.000000
5802.000000
4484.000000
7951.000000
1863.000000
3626.000000
1897.000000
6952.000000
3742.000000
4972.000000
9155.000000
7235.000000
8753.000000
5605.000000
3640.000000
7219.000000
1140.000000
8200.000000
2617.000000
3375.000000
4560.000000
5317.000000
3747.000000
5115.000000
8671.000000
7238.000000
6986.000000
4008.000000
3140.000000
6843.000000
6385.000000
7496.000000
7820.000000
8513.000000
6006.000000
4298.000000
239.000000
5495.000000
1755.000000
7607.000000
7484.000000
8232.000000
3916.000000
9538.000000
2989.000000
4190.000000
9896.000000
7889.000000
9783.000000
605.000000
2017.000000
300.000000
5091.000000
937.000000
3151.000000
296.000000
2654.000000
6462.000000
3591.000000
7838.000000
6804.000000
4674.000000
3772.000000
2531.000000
7590.000000
7206.000000
9999.000000
3088.000000
1310.000000
1024.000000
4294.000000
8061.000000
6197.000000
6831.000000
5532.000000
5753.000000
6283.000000
3857.000000
4366.000000
4515.000000
7920.000000
4990.000000
1249.000000
3987.000000
1622.000000
5.000000
8218.000000
9245.000000
840.000000
4211.000000
6460.000000
2213.000000
5603.000000
6604.000000
4987.000000
5747.000000
6268.000000
2359.000000
6371.000000
4035.000000
106.000000
7282.000000
1372.000000
2055.000000
6877.000000
6725.000000
4284.000000
6424.000000
5234.000000
2374.000000
8500.000000
7277.000000
9289.000000
5933.000000
9250.000000
240.000000
3124.000000
5012.000000
9868.000000
631.000000
6832.000000
1322.000000
7368.000000
2907.000000
9886.000000
9235.000000
8600.000000
2430.000000
4111.000000
749.000000
6435.000000
9783.000000
2251.000000
274.000000
1116.000000
2634.000000
8654.000000
1651.000000
2687.000000
2340.000000
16.000000
8351.000000
5471.000000
8932.000000
6105.000000
3208.000000
7758.000000
612.000000
4628.000000
1363.000000
7020.000000
1374.000000
2343.000000
9732.000000
242.000000
9070.000000
8174.000000
9469.000000
5372.000000
5439.000000
7125.000000
5767.000000
4682.000000
6069.000000
2103.000000
6149.000000
5524.000000
5140.000000
874.000000
80.000000
663.000000
7986.000000
8690.000000
7823.000000
3423.000000
5505.000000
6202.000000
3454.000000
9393.000000
4809.000000
5795.000000
5956.000000
4934.000000
4051.000000
2196.000000
8121.000000
2347.000000
9708.000000
7594.000000
7950.000000
9974.000000
9344.000000
1838.000000
1851.000000
5719.000000
4054.000000
532.000000
7830.000000
4540.000000
9563.000000
904.000000
8428.000000
9534.000000
1412.000000
1915.000000
936.000000
2525.000000
6851.000000
2058.000000
4109.000000
1301.000000
3824.000000
4527.000000
9111.000000
4456.000000
3185.000000
46.000000
7353.000000
6080.000000
2902.000000
7791.000000
8877.000000
4960.000000
5057.000000
1804.000000
2513.000000
624.000000
4764.000000
1677.000000
8139.000000
4761.000000
3747.000000
7819.000000
2133.000000
2757.000000
5399.000000
145.000000
6107.000000
2502.000000
6974.000000
9189.000000
9673.000000
6847.000000
7101.000000
6217.000000
9374.000000
4210.000000
7872.000000
4928.000000
5845.000000
2562.000000
2039.000000
9949.000000
3073.000000
768.000000
4115.000000
7175.000000
6924.000000
4273.000000
4295.000000
4477.000000
9919.000000
701.000000
3922.000000
5064.000000
291.000000
6342.000000
6277.000000
8157.000000
4005.000000
7119.000000
3806.000000
5632.000000
9514.000000
5584.000000
6593.000000
3495.000000
9531.000000
263.000000
2175.000000
6729.000000
6170.000000
9347.000000
8325.000000
952.000000
1529.000000
7784.000000
7393.000000
7825.000000
6478.000000
3947.000000
2398.000000
6237.000000
6182.000000
1527.000000
1826.000000
9208.000000
4703.000000
1974.000000
6751.000000
5716.000000
4325.000000
5556.000000
3279.000000
2689.000000
8965.000000
7222.000000
9383.000000
2789.000000
1694.000000
2555.000000
4393.000000
7298.000000
727.000000
3975.000000
3263.000000
9046.000000
1375.000000
2252.000000
5702.000000
9996.000000
394.000000
4221.000000
151.000000
1974.000000
165.000000
5137.000000
8245.000000
6843.000000
5323.000000
5626.000000
3464.000000
585.000000
1008.000000
7187.000000
5735.000000
6521.000000
611.000000
3924.000000
792.000000
9348.000000
5374.000000
6860.000000
8880.000000
1595.000000
7046.000000
7204.000000
5004.000000
2015.000000
4051.000000
4868.000000
1659.000000
4949.000000
3928.000000
4128.000000
150.000000
4208.000000
4118.000000
2765.000000
1737.000000
8728.000000
4240.000000
9945.000000
2315.000000
486.000000
585.000000
6181.000000
2313.000000
6346.000000
6707.000000
1611.000000
8081.000000
9908.000000
9937.000000
9467.000000
357.000000
1425.000000
6371.000000
6808.000000
9644.000000
9190.000000
3484.000000
9704.000000
234.000000
6383.000000
9606.000000
4408.000000
1018.000000
8919.000000
8948.000000
4788.000000
5530.000000
8943.000000
7468.000000
3644.000000
4715.000000
7424.000000
7850.000000
2927.000000
4958.000000
6809.000000
5864.000000
9377.000000
7865.000000
8972.000000
3848.000000
1542.000000
3255.000000
7906.000000
3787.000000
2061.000000
8388.000000
8804.000000
8419.000000
1940.000000
1100.000000
5491.000000
7517.000000
4059.000000
2388.000000
3788.000000
9490.000000
245.000000
7147.000000
2360.000000
3314.000000
3201.000000
6699.000000
4351.000000
6677.000000
2064.000000
2125.000000
3190.000000
5862.000000
6508.000000
6930.000000
1076.000000
5904.000000
4789.000000
7647.000000
2670.000000
5816.000000
4072.000000
3208.000000
8397.000000
1522.000000
105.000000
3459.000000
5474.000000
2860.000000
671.000000
7086.000000
3225.000000
5673.000000
8303.000000
2913.000000
5396.000000
3171.000000
9455.000000
1326.000000
3932.000000
2590.000000
8425.000000
3381.000000
568.000000
1775.000000
4325.000000
1738.000000
3366.000000
9129.000000
6054.000000
9405.000000
7057.000000
5446.000000
3438.000000
216.000000
6768.000000
4783.000000
5782.000000
6840.000000
8130.000000
8087.000000
3331.000000
1742.000000
5263.000000
6742.000000
814.000000
5261.000000
3117.000000
846.000000
3606.000000
7123.000000
5699.000000
8861.000000
8733.000000
6330.000000
4380.000000
7103.000000
2303.000000
1194.000000
8255.000000
301.000000
196.000000
2268.000000
1353.000000
1073.000000
4589.000000
3864.000000
3265.000000
8247.000000
125.000000
8548.000000
5707.000000
4950.000000
3252.000000
9188.000000
3426.000000
7586.000000
4951.000000
5811.000000
3775.000000
6188.000000
3189.000000
6328.000000
1345.000000
8165.000000
2850.000000
7626.000000
8054.000000
569.000000
3656.000000
1925.000000
6222.000000
3595.000000
3902.000000
5585.000000
9539.000000
8726.000000
405.000000
5637.000000
7995.000000
8967.000000
6392.000000
9361.000000
8394.000000
1593.000000
3536.000000
3798.000000
9939.000000
4668.000000
5346.000000
5757.000000
9159.000000
1366.000000
730.000000
3933.000000
7970.000000
3711.000000
5603.000000
3498.000000
2976.000000
1636.000000
9663.000000
5884.000000
3069.000000
9809.000000
383.000000
3659.000000
186.000000
2299.000000
6818.000000
803.000000
9055.000000
8781.000000
7965.000000
1519.000000
9189.000000
9143.000000
4691.000000
1841.000000
2353.000000
5650.000000
9345.000000
8842.000000
6242.000000
2656.000000
71.000000
5916.000000
621.000000
69.000000
8143.000000
9026.000000
4649.000000
7972.000000
4586.000000
8642.000000
7059.000000
3963.000000
7068.000000
4325.000000
4801.000000
4368.000000
3348.000000
9537.000000
4176.000000
8320.000000
3427.000000
6393.000000
5581.000000
5787.000000
7969.000000
2424.000000
8548.000000
4750.000000
6171.000000
3260.000000
4851.000000
460.000000
211.000000
9238.000000
4984.000000
7570.000000
3305.000000
8423.000000
3330.000000
5104.000000
6429.000000
3469.000000
5698.000000
4103.000000
9384.000000
7511.000000
7161.000000
3265.000000
1251.000000
5812.000000
2255.000000
3923.000000
1459.000000
7756.000000
9491.000000
1024.000000
4967.000000
7601.000000
5803.000000
2401.000000
5627.000000
5212.000000
1181.000000
344.000000
273.000000
6942.000000
5807.000000
5549.000000
3627.000000
1971.000000
3514.000000
1197.000000
9116.000000
9868.000000
7225.000000
5057.000000
9462.000000
4683.000000
2740.000000
3586.000000
5045.000000
2457.000000
7657.000000
3020.000000
1590.000000
9801.000000
6248.000000
1451.000000
2441.000000
937.000000
5998.000000
1441.000000
3744.000000
608.000000
1355.000000
1274.000000
7983.000000
4050.000000
4415.000000
3502.000000
6514.000000
1084.000000
8858.000000
4626.000000
3069.000000
2055.000000
5349.000000
5895.000000
866.000000
9536.000000
5622.000000
6561.000000
9427.000000
1388.000000
9786.000000
7209.000000
7698.000000
9058.000000
4061.000000
2324.000000
2937.000000
883.000000
882.000000
9801.000000
7251.000000
1952.000000
7855.000000
7216.000000
743.000000
1096.000000
1952.000000
510.000000
6088.000000
1636.000000
8672.000000
6797.000000
4372.000000
9981.000000
2331.000000
8829.000000
8081.000000
8714.000000
5492.000000
2436.000000
895.000000
2185.000000
1917.000000
7285.000000
7850.000000
4627.000000
6118.000000
7542.000000
959.000000
4952.000000
5529.000000
3344.000000
4262.000000
3000.000000
6569.000000
6519.000000
2572.000000
2144.000000
2062.000000
997.000000
6466.000000
7437.000000
6909.000000
442.000000
8136.000000
6507.000000
9657.000000
4944.000000
1882.000000
896.000000
4119.000000
2219.000000
4179.000000
3016.000000
4981.000000
4602.000000
3183.000000
7829.000000
7546.000000
8063.000000
3049.000000
1178.000000
3718.000000
3985.000000
8857.000000
4271.000000
5024.000000
8810.000000
5155.000000
8042.000000
9774.000000
8981.000000
3011.000000
8280.000000
7320.000000
9419.000000
9179.000000
5961.000000
7760.000000
9639.000000
2970.000000
249.000000
4531.000000
7102.000000
6364.000000
2655.000000
9107.000000
9855.000000
6933.000000
5438.000000
478.000000
9171.000000
9012.000000
5509.000000
1858.000000
6278.000000
5914.000000
3351.000000
3723.000000
6193.000000
9639.000000
9212.000000
2956.000000
8819.000000
9539.000000
7844.000000
4513.000000
1755.000000
9013.000000
3666.000000
7834.000000
8939.000000
753.000000
9707.000000
9707.000000
3069.000000
7288.000000
9544.000000
3247.000000
3672.000000
5943.000000
8444.000000
2160.000000
3945.000000
213.000000
3857.000000
5986.000000
5378.000000
8766.000000
7310.000000
2545.000000
3459.000000
2364.000000
5168.000000
1106.000000
4511.000000
5060.000000
2707.000000
7581.000000
274.000000
3781.000000
8755.000000
9072.000000
5388.000000
7982.000000
4393.000000
6623.000000
2055.000000
4848.000000
7440.000000
2179.000000
3673.000000
1919.000000
5948.000000
430.000000
6283.000000
3621.000000
35.000000
8673.000000
862.000000
3712.000000
4711.000000
5469.000000
3451.000000
3573.000000
2950.000000
3441.000000
3113.000000
4560.000000
5756.000000
9757.000000
131.000000
4088.000000
4095.000000
295.000000
3399.000000
3521.000000
2058.000000
5892.000000
2370.000000
8487.000000
2565.000000
9476.000000
4406.000000
9577.000000
5101.000000
2592.000000
8689.000000
1356.000000
4621.000000
5630.000000
8031.000000
3946.000000
7431.000000
9003.000000
566.000000
1907.000000
8513.000000
3362.000000
7977.000000
5521.000000
610.000000
3388.000000
1465.000000
3921.000000
7039.000000
1960.000000
7439.000000
5930.000000
1487.000000
79.000000
7163.000000
887.000000
5859.000000
1822.000000
8409.000000
9621.000000
2575.000000
507.000000
9484.000000
1723.000000
5854.000000
335.000000
8399.000000
992.000000
415.000000
2032.000000
4479.000000
7575.000000
9855.000000
3465.000000
2725.000000
3267.000000
6235.000000
1157.000000
7330.000000
644.000000
738.000000
4426.000000
2699.000000
4459.000000
3441.000000
2569.000000
8541.000000
3259.000000
7587.000000
3822.000000
4406.000000
7623.000000
9674.000000
3796.000000
8328.000000
2893.000000
2142.000000
1233.000000
4316.000000
6921.000000
6872.000000
762.000000
4748.000000
1490.000000
2903.000000
7757.000000
1044.000000
1693.000000
4266.000000
2961.000000
3275.000000
154.000000
8867.000000
3500.000000
7299.000000
5155.000000
1563.000000
7304.000000
5117.000000
163.000000
8594.000000
9637.000000
2415.000000
1091.000000
7132.000000
5284.000000
9601.000000
1044.000000
4855.000000
7315.000000
3837.000000
7481.000000
9233.000000
3445.000000
6605.000000
8298.000000
9091.000000
7053.000000
9458.000000
6122.000000
7297.000000
9690.000000
1854.000000
6837.000000
9656.000000
306.000000
294.000000
8842.000000
5943.000000
3977.000000
3125.000000
1276.000000
2110.000000
2292.000000
9387.000000
2129.000000
3231.000000
4143.000000
2743.000000
9269.000000
941.000000
5793.000000
115.000000
5188.000000
8254.000000
1124.000000
6755.000000
3263.000000
5001.000000
5656.000000
5227.000000
8872.000000
9558.000000
8770.000000
6705.000000
4679.000000
1629.000000
6649.000000
182.000000
8442.000000
9019.000000
9401.000000
4945.000000
747.000000
7000.000000
343.000000
3741.000000
7216.000000
8572.000000
476.000000
1912.000000
8072.000000
6992.000000
1774.000000
7560.000000
5446.000000
6609.000000
3028.000000
8764.000000
699.000000
3220.000000
444.000000
7034.000000
8475.000000
7019.000000
8979.000000
5212.000000
1631.000000
7857.000000
4772.000000
3153.000000
6139.000000
4996.000000
4289.000000
4153.000000
340.000000
5680.000000
6763.000000
8578.000000
898.000000
4567.000000
4767.000000
3265.000000
4973.000000
5440.000000
8864.000000
4966.000000
8263.000000
2512.000000
6055.000000
7393.000000
7289.000000
6939.000000
184.000000
6400.000000
1019.000000
3468.000000
6250.000000
955.000000
7346.000000
2329.000000
1432.000000
5658.000000
7280.000000
2848.000000
7225.000000
5720.000000
2204.000000
3323.000000
4067.000000
5389.000000
4966.000000
3901.000000
2161.000000
8066.000000
6076.000000
